1000
1 9
45 100
20 52
-92 47
95 8
-2 97
-17 -79
-98 65
23 3
58 49
-78 -62
86 9
16 1
67 44
-98 -47
-9 -13
82 -49
71 -6
18 4
-9 -81
65 7
88 -82
48 29
-22 -35
16 38
100 40
-18 -32
-28 -57
12 37
-45 -63
-93 72
-82 40
97 94
40 -66
86 -36
-15 62
26 1
-16 -35
73 47
79 -17
-56 -62
-45 30
10 10
-28 18
-50 -86
80 90
64 -52
-10 37
10 91
56 72
-75 44
75 40
22 59
-70 -98
-98 -4
84 65
39 -81
-57 53
38 -74
-68 -5
-36 47
37 -47
-63 26
-70 -97
-71 -78
-87 13
66 -57
-92 49
-35 1
58 33
78 99
-90 30
-23 40
97 69
72 -35
63 92
46 6
-87 -41
-17 -56
62 69
82 -23
53 -71
89 -44
-55 94
-81 34
27 -5
54 -94
-11 51
-51 27
16 54
3 -78
65 -43
-76 42
44 47
-89 -59
-39 -9
86 -8
57 51
-7 -96
54 34
-91 2
48 -42
38 -93
98 -77
37 -18
-11 80
26 -18
60 -99
-6 -100
-25 57
14 -6
54 63
28 25
78 -58
31 19
97 -69
82 31
92 -27
-8 45
-54 73
-45 57
44 -84
56 -87
-98 -18
1 -5
-35 -82
-13 82
93 -62
38 59
77 73
2 -42
-41 -52
18 -69
54 6
79 -35
-79 -11
-92 47
46 14
81 -14
30 8
-16 -35
-81 79
-23 -85
67 54
75 37
14 65
88 6
81 -25
-33 17
40 29
71 -79
4 -27
12 -2
-77 42
68 15
61 84
75 -32
-63 64
-19 -1
-35 -1
88 -53
15 63
94 -18
52 -32
-55 46
93 -100
-75 -71
-51 -72
-73 -49
-29 50
-91 -11
-29 -64
-63 -13
-65 19
-75 -64
-82 -4
64 -77
43 70
77 -87
67 -31
-79 100
-50 -29
-79 48
-64 94
-21 -67
-69 -13
-33 56
-90 26
-22 24
-4 -87
-21 49
0 -39
27 -84
-83 -50
-99 -31
31 -25
-57 -9
67 -65
12 -16
-6 -31
38 45
-64 57
-15 -86
-11 -67
-61 -34
-77 23
-39 -96
-89 -78
22 63
-25 -53
26 -69
64 -84
38 54
-6 -38
51 19
-39 -52
-47 -53
60 88
-46 -62
-97 59
-46 79
16 -100
29 18
-47 88
-96 -9
-76 77
92 -49
65 59
-62 88
51 -46
-77 0
24 -29
-69 -43
-56 49
5 39
-29 -3
48 -70
-47 92
-67 95
-8 -20
87 37
-14 -47
-80 -14
6 52
50 85
-4 -78
-72 5
-62 5
-10 -21
40 -83
-87 -24
-53 -20
-93 -18
-15 3
17 -91
-45 46
-65 -23
-64 -14
41 15
74 -17
-25 -86
58 7
-90 21
13 8
-92 97
1 -1
-56 -75
-46 -94
-62 -66
74 -36
78 10
-23 -70
-17 -26
-48 -20
-33 19
24 72
60 -54
41 6
-98 -30
-58 64
-93 75
0 -8
100 -17
47 -25
-12 52
92 -82
72 -48
15 83
21 -64
41 -17
80 -59
30 -18
82 -5
51 -28
-1 -15
42 62
37 -51
-49 -15
-36 16
15 40
78 -79
-56 66
46 -75
-95 46
15 43
-29 89
57 -85
-37 45
-18 34
-23 -36
97 -53
85 -46
16 -40
39 8
-45 37
53 -17
-2 44
19 51
56 77
-53 -56
-15 -55
-95 28
89 37
98 69
-42 84
72 -63
-60 -51
46 30
7 88
95 -92
38 -6
18 -61
52 54
-45 21
85 -25
30 -19
-26 35
-80 76
-19 -60
-57 -50
58 -17
-74 20
-10 87
30 -89
45 36
85 -67
-100 -79
93 38
29 94
47 -5
-81 70
36 26
-26 -62
-78 15
-4 -11
-24 -39
-31 34
60 80
-89 22
-38 53
94 -47
-41 -12
-66 84
76 96
55 -93
-22 -49
-14 65
32 2
-4 -23
-21 40
-31 81
-20 -6
96 18
-70 -4
14 -5
94 88
43 -19
44 34
89 -15
77 46
32 -19
-90 51
-29 -79
75 -1
88 46
90 14
50 85
52 23
-44 -26
97 36
-31 12
-46 -13
-33 -73
-2 84
41 58
19 55
18 -92
92 69
-4 66
-72 15
-71 72
54 85
12 10
-25 -87
-92 -71
-67 -61
24 27
73 -47
-89 -3
55 81
28 4
26 62
-66 52
44 -97
26 93
28 -25
-25 -61
44 60
63 95
92 13
-29 -53
32 62
-7 17
-64 -13
-33 -20
65 91
5 67
-73 -66
-78 38
58 -29
20 -50
64 11
-77 8
90 15
-44 -66
-31 -87
25 -99
-67 79
88 -91
-67 -69
-67 -15
-36 -2
-34 91
18 33
-74 -32
-6 15
-94 33
24 86
6 -70
76 8
46 -67
43 71
75 96
50 -40
81 37
-43 6
15 -74
-56 -10
-87 -64
-95 31
51 -67
78 21
13 -91
73 -83
34 96
-34 4
-11 -89
86 52
-54 -88
1 42
-53 92
45 46
65 9
48 -59
-98 55
-72 -52
-6 5
54 39
19 -76
35 -72
-30 -73
57 -8
-3 16
-45 -67
-88 4
93 56
36 -4
95 -64
54 -80
-73 18
16 -76
-8 11
39 -53
-95 35
-29 -55
1 12
-50 -22
62 -62
-97 -15
-18 -16
-88 98
64 46
-71 51
-61 -3
18 98
-47 58
-86 92
-38 32
-28 -64
-60 -14
-39 41
19 -68
-53 -97
36 37
75 -81
-64 -64
-37 35
-2 -7
-68 87
7 -37
52 -7
-41 -66
-16 84
-26 8
-3 -42
-97 -8
-55 70
86 -37
60 -38
-27 -43
27 94
63 -16
-23 36
50 38
-42 -14
18 4
-38 34
-85 90
79 -82
-35 79
88 -4
55 -41
-71 96
-22 -34
-45 20
-1 -62
74 -66
81 11
96 18
-59 13
29 100
91 -98
-84 -8
-9 -25
59 -50
3 19
50 -83
-74 -62
-22 77
82 -46
-49 -26
-32 -92
-35 -47
-51 86
-40 -64
-98 25
-48 77
93 -60
-38 -89
18 -68
-23 -71
40 3
24 -80
-11 60
-7 24
62 65
2 96
34 -66
-97 -18
18 17
-22 -50
-97 76
-74 47
38 10
-64 26
-61 -94
-64 53
100 -23
-36 -28
87 58
1 -77
34 -40
-6 -42
4 -69
85 -96
24 -10
68 6
-46 80
-60 -46
-48 -64
46 -2
60 3
63 -12
-57 -6
3 46
-84 8
6 -10
-54 72
-2 -37
-35 -29
82 -40
67 75
-53 -43
-46 -87
-33 3
-53 -5
63 -7
67 66
47 84
-97 -23
69 67
87 19
-90 46
-18 -80
-50 47
-45 -96
46 36
-29 -25
70 -7
-45 -84
79 21
89 -46
-25 42
-41 12
65 42
71 -8
-5 41
50 -69
-100 -38
46 -100
4 -19
-62 36
-87 51
87 13
-79 50
52 -66
32 -95
-33 92
77 99
-44 -71
99 -26
9 -61
32 95
-25 -26
23 -33
5 -11
-65 55
23 85
-93 -38
94 -54
58 -97
66 59
-30 18
87 -37
95 -3
32 91
77 -56
-57 44
-44 -27
67 -66
70 14
42 86
-59 0
10 -70
-36 52
23 74
9 -82
4 5
74 -43
-64 -23
-74 9
68 -44
-57 -73
5 99
96 -76
-89 97
-56 32
-27 94
66 61
-91 -45
98 -36
-35 41
55 35
20 -38
-17 29
-63 38
-22 -42
70 -62
-92 30
59 46
-36 -1
-29 -75
-16 21
-77 -15
32 -70
-8 -61
58 -56
8 83
44 64
-70 -66
-44 99
76 -6
16 64
41 -80
-32 -33
82 -47
96 -99
45 46
39 25
29 -7
-18 1
11 23
-71 -27
-39 -92
-47 82
-39 -90
0 -31
-12 -44
-18 -61
5 -28
22 53
-74 69
70 71
-85 -55
24 75
13 -7
-6 -41
-70 51
95 27
-41 84
-6 -51
-69 -77
50 47
21 35
77 15
46 -70
87 34
4 -66
8 -12
2 -99
-100 7
-79 98
-83 3
5 -85
73 -14
-78 -55
50 73
-49 55
-52 -3
3 -98
-89 18
-98 -89
-30 -36
4 -80
28 39
-76 -10
-52 -99
-80 -92
-2 25
61 -1
44 21
35 92
-24 78
-82 94
-16 -53
54 -59
92 34
66 4
47 -44
94 -23
41 8
-11 63
-95 -67
4 -63
100 5
61 61
-94 73
-55 11
90 -65
-38 99
-32 -7
79 38
-28 -32
-67 28
-25 -11
100 -51
49 8
-64 -43
11 -5
-51 -17
74 65
56 -87
-3 99
39 56
-23 98
34 -12
-5 -32
60 -2
16 32
-9 27
-89 43
33 94
-88 45
99 25
54 -72
34 0
-67 -32
49 -44
69 -78
-76 -76
37 13
-92 -25
71 -30
95 5
-10 26
61 71
-47 -99
-89 86
61 -36
-57 -96
34 32
43 98
92 32
76 45
78 -35
64 -11
98 19
22 9
-47 -11
-81 -28
85 80
-7 -61
-35 100
80 -36
81 60
-42 -31
42 -39
1 -44
-17 -24
41 26
92 -77
-48 84
-28 49
28 2
-11 57
69 -33
-58 -9
99 -51
-99 97
56 19
-75 66
-99 -97
100 5
53 50
76 94
25 28
29 5
74 98
-93 -92
-60 -89
-1 73
-37 -48
50 -46
84 -51
94 11
-8 -48
-77 89
8 63
57 -81
-6 -51
7 80
-45 7
78 -44
76 -51
81 1
18 79
7 -26
70 -84
47 45
1 -40
38 83
-68 -65
-91 -30
-91 -58
64 -35
90 -100
-93 38
-84 79
7 77
51 -94
-31 51
-68 -92
-67 10
-67 53
49 31
79 -60
75 -3
-66 16
-27 -88
-15 -59
88 -75
-62 61
2 2
44 -19
53 -41
-15 -49
-44 -52
73 -74
71 -22
40 96
22 25
54 -29
85 38
-89 50
76 -60
-7 26
88 -89
-83 -88
87 51
97 -30
-70 -63
-93 -18
-23 87
-50 -35
-41 88
-21 25
64 -10
23 63
-77 -78
51 64
2 81
-61 -50
63 -14
-40 99
88 -74
37 66
-31 -71
-78 -42
-74 18
46 -67
-31 -68
-67 -54
47 59
88 97
-34 100
-88 16
-18 -56
-72 17
63 69
-13 -98
19 8
35 47
-61 35
71 93
14 14
97 19
56 80
35 0
87 -71
-94 -59
-33 -45
38 -91
66 -21
2 97
29 100
-18 -63
-74 -48
95 22
-10 -75
-23 57
79 34
2 -31
-55 -75
18 26
-33 -73
66 -100
3 -34
46 8
-81 -28
83 -26
93 58
-2 -73
63 -47
26 -19
70 -58
-52 -81
2 83
-29 98
-48 90
-1 99
