100
-45 79
-62 56
85 89
99 29
54 -2
-86 50
68 -43
69 19
31 -12
-94 -52
0 10
63 -77
-24 -9
-20 -91
-24 70
19 91
35 -83
100 -41
20 86
50 -21
90 -1
52 27
40 87
79 54
-16 86
-40 -38
-48 33
23 41
34 -36
-26 76
-30 -93
83 -85
-93 -38
93 -27
-74 44
44 57
40 -46
-31 -15
-76 34
-72 5
-67 76
38 13
16 -95
-32 55
35 1
-76 76
22 -69
-78 -55
-48 -1
-11 -23
43 32
26 -88
29 -92
5 -33
-11 -70
-73 -61
-26 5
68 16
-85 11
-1 7
83 45
-62 65
-75 3
29 -45
-73 -68
81 -6
-3 -16
30 54
-63 -88
-65 -61
17 -50
42 -33
-10 -66
-45 -72
-64 -21
48 -9
-96 -28
-71 -4
7 -10
-75 -93
8 -39
-34 -66
40 -35
12 -53
41 9
-96 -63
-29 -9
62 5
50 13
-19 53
32 -33
100 -88
1 71
3 89
31 -1
17 -55
-78 -33
37 98
0 94
-4 1
